0.9797030040198081
1.1777899247590493E-59
-7.46833439117862E-56
4.262403579133553E-52
-2.1767938057964343E-48
9.88255286861899E-45
-3.9592338636103845E-41
1.3880868985104767E-37
-4.218317313036766E-34
1.0989862258716047E-30
-2.423191274289934E-27
4.453651658497067E-24
-6.6994345738973685E-21
8.065570694082765E-18
-7.556738090031716E-15
5.314209210543813E-12
-2.6725291798946657E-9
8.976945315362764E-7
-1.8153573250695535E-4
0.018495612474076578
-0.6450219577477019
0.7636071594384055
-0.022552356289009153
2.250898872301807E-4
-1.1262581810613073E-6
3.3836561266031847E-9
-6.778409991560775E-12
9.699468222648508E-15
-1.0408956300394908E-17
8.6873969334978E-21
-5.7999958716515815E-24
3.1679677583158576E-27
-1.4418515048487386E-30
5.552397583349078E-34
-1.832606128775282E-37
5.241848690133299E-41
-1.3119295914334244E-44
2.897022049179486E-48
-5.686261664658733E-52
9.98780004727601E-56
-1.5793798258659503E-59
2.2610135544127322E-63

