1.2065366 
2.3299952777731107e-304
1.8410150646918266e-300
1.4255225100007378e-296
1.0814724458064514e-292
8.0369233086136305e-289
5.8492960952149314e-285
4.1683220092296679e-281
2.907804534367021e-277
1.9852525673946238e-273
1.326206269515391e-269
8.6665658520189933e-266
5.5388198829921183e-262
3.4610897858919686e-258
2.1140858391633716e-254
1.2619223690701023e-250
7.3591290370644925e-247
4.1916469294310105e-243
2.3312312667985044e-239
1.2656200789330327e-235
6.7051819808984725e-232
3.4655782616657162e-228
1.7468845435529717e-224
8.584955500178291e-221
4.1120246146694944e-217
1.9189866065073351e-213
8.7224341282661542e-210
3.8601121189945773e-206
1.6626521800293061e-202
6.9675587419581899e-199
2.839694341033546e-195
1.1251322266428213e-191
4.3321245690606972e-188
1.6202536080558299e-184
5.88387853786763e-181
2.0737262210883069e-177
7.0900403644683266e-174
2.3504554075993717e-170
7.551816194810372e-167
2.3503377029611997e-163
7.0821471218999392e-160
2.0650208368866285e-156
5.8233113666079355e-153
1.587284592593844e-149
4.179490939987455e-146
1.0624569819812479e-142
2.6058222780936012e-139
6.1622566817164302e-136
1.4041123008498505e-132
3.0805290963170063e-129
6.502685081941304e-126
1.3196965158940606e-122
2.5729188520411329e-119
4.8149459342451888e-116
8.6416704819077532e-113
1.486129517375007e-109
2.4466001932877468e-106
3.8520624543247302e-103
5.7943510225700176e-100
8.3182870324034447e-97
1.1383998557046869e-93
1.4834670860240114e-90
1.8384328850922604e-87
2.1639208081767567e-84
2.4158262616668852e-81
2.5544385675232878e-78
2.5542902783721393e-75
2.411523646932604e-72
2.1459480784154908e-69
1.7966681144745901e-66
1.4125451730032675e-63
1.0407177549388405e-60
7.1698471383541905e-58
4.6080467555628449e-55
2.7559030601074724e-52
1.5296041498513315e-49
7.8559457284273264e-47
3.7218208189753052e-44
1.6209405570681669e-41
6.4657467419233559e-39
2.3525852066585161e-36
7.7733787374475663e-34
2.3210029067467688e-31
6.2283751420063748e-29
1.4930243216684439e-26
3.1753354329952653e-24
5.9455862455955374e-22
9.7155259711095241e-20
1.3715584622809005e-17
1.6532228486190652e-15
1.6780228394868122e-13
1.4106093106327924e-11
9.6241583199805674e-10
5.1960279039867587e-08
2.148598627609637e-06
6.5124795395564647e-05
0.0013589447383119126
0.017689489096664481
0.11946433248550438
0.24458957089976865
-0.32475120252831302
0.49392141765544728
-0.71685653092274848
-0.24759238031428457
-0.031269927729524125
-0.0021553598476170867
-9.5006334692912441e-05
-2.9269005669222076e-06
-6.6778253258389778e-08
-1.1756947780734696e-09
-1.6473968502115284e-11
-1.8820161299417821e-13
-1.7870506851180704e-15
-1.4303925104552526e-17
-9.7183232025030525e-20
-4.2624927850615927e-22
6.9552969503145853e-26
-3.4823737330421227e-25
-2.8731301393118378e-27
-3.7442528708923192e-29
8.9004891140942248e-32
-1.3781836232283201e-32
-2.8731510486997508e-36
-2.9441137440970423e-36
-2.034175594491919e-38
3.3067799296699257e-40
-2.404348369420297e-43
6.5249330102332507e-45
-1.0519902642012195e-48
-6.7497337503840317e-49
-3.9803829596818548e-52
-9.7023238467494717e-54
7.8977428346411496e-56
1.3096156081749507e-58
9.5060101890260243e-61
1.0444997376802462e-62
-3.4035403267994856e-65
-7.4245236747322426e-67
7.1645707653556889e-69
-1.2125535969313913e-70
-2.8318185167083765e-73
5.069025608430761e-76
2.3901695511647496e-77
1.0689520823797869e-79
-1.5217018804320223e-81
9.0482181825497191e-84
6.2852941902181159e-86
2.6377645637717042e-88
1.8240386644497445e-91
-9.1705102521013717e-93
1.9433823845756329e-96
-1.883226331841623e-98
6.3281162508294782e-101
1.6881303824870165e-103
-3.4796183501002014e-106
-7.6770699024973338e-109
6.1180284661202322e-111
1.6602734656023799e-114
7.4404203830412802e-115
-3.7444903118067514e-117
2.5650528582494738e-118
2.8785146254364787e-121
2.140524755130621e-125
-1.566600150774456e-125
3.1949675877851968e-128
3.6974690553557102e-131
-5.5823478411763413e-134
-1.8429547756642927e-137
-7.6778312617659947e-139
5.3093553255066088e-141
2.1811830427799698e-143
1.180353014803456e-146
-9.2267433432082442e-149
-8.0363399657794469e-152
-6.6398190479455643e-155
-8.9143590883846835e-157
3.744732997740931e-160
2.017149261414812e-162
5.5775777151748497e-164
2.4386672885110542e-167
-9.1226761715460354e-171
4.0582571860481486e-172
-1.096689850376134e-176
3.7019603826573499e-178
9.6316587745555507e-181
8.0684685471613839e-183
1.1120046437932395e-186
7.5530046687570144e-189
-1.6302738079223418e-192
5.7731412471129814e-195
8.7339634362590524e-199
-5.4774774483513287e-202
6.2158604410624846e-204
-9.4564085431206324e-207
3.4851768830241471e-209
-8.8008724897274263e-214
-2.0388372067317978e-217
-4.6739525915272034e-219
-6.7113426832653854e-224
-1.2807086243775547e-224
-3.9458169779290955e-228
-2.119379785486974e-232
